n 75
m 36
matrice d_ij 36 75
47 21 15 31 48 18 32 47 12 30 23 44 9 34 37 20 24 35 36 28 7 24 21 46 11 40 48 34 29 39 17 17 37 29 40 44 40 16 53 1 24 14 24 18 24 25 36 17 30 4 21 16 28 53 43 26 33 12 12 46 15 24 22 42 49 35 15 37 15 52 27 18 28 29 15 
40 13 3 23 32 30 37 41 10 13 17 30 26 17 37 1 6 24 21 31 21 19 36 43 24 27 39 26 30 23 18 17 21 19 23 32 28 27 46 20 15 16 30 9 5 16 34 22 30 15 5 2 37 46 24 27 17 27 9 28 22 28 12 40 42 20 19 22 8 45 19 2 18 12 10 
40 18 13 26 27 39 43 42 19 10 19 27 35 12 41 8 6 24 19 38 31 24 45 45 33 26 38 28 35 18 24 22 17 21 18 31 27 36 47 30 19 24 37 14 4 20 38 30 35 25 9 12 45 46 15 33 15 37 17 20 30 35 17 43 42 17 27 19 16 45 22 11 21 8 17 
41 15 11 24 42 17 28 41 6 25 24 38 10 28 32 17 21 29 30 23 6 18 21 40 9 34 42 27 23 33 20 19 31 23 34 38 34 13 47 7 18 8 20 17 21 19 30 12 25 1 18 12 25 46 39 20 27 12 12 41 10 19 15 37 43 29 9 32 9 46 21 13 21 24 15 
56 29 15 39 48 37 49 57 21 29 4 47 28 33 51 16 15 41 38 44 25 34 41 58 30 44 56 42 43 39 2 2 38 35 39 49 45 34 63 20 31 27 41 7 18 33 49 33 44 19 13 15 46 62 36 40 34 31 9 42 31 40 28 55 58 36 30 39 21 61 35 18 35 28 6 
29 19 24 20 12 43 40 32 26 7 35 13 43 4 36 21 20 15 7 36 38 22 49 36 39 13 26 21 32 4 38 37 4 16 3 17 14 40 35 39 18 28 37 29 18 17 31 32 31 34 23 23 45 34 12 32 6 43 30 8 33 35 18 35 31 6 30 6 23 33 19 21 17 8 31 
48 20 7 31 41 32 41 49 13 22 9 39 24 26 43 8 10 33 31 36 20 26 36 50 25 37 48 34 35 32 9 7 30 27 32 42 37 28 55 16 23 20 34 3 12 24 41 26 36 14 7 7 40 54 31 32 27 26 2 36 24 32 20 47 50 29 22 31 13 53 27 10 27 21 1 
16 17 30 9 31 23 11 14 24 26 47 23 30 26 6 32 36 14 22 10 27 11 28 13 24 19 19 8 6 26 45 44 25 14 28 20 18 22 20 33 15 19 13 39 34 14 3 16 3 29 36 30 19 20 41 8 23 28 36 36 18 11 18 9 17 23 17 23 24 20 12 28 13 27 39 
4 30 44 20 29 39 24 2 39 34 60 21 47 32 15 44 47 19 26 25 44 25 44 7 41 20 9 17 22 29 60 59 29 24 31 16 19 38 3 50 28 35 29 52 45 26 14 33 20 45 48 44 34 3 46 25 29 45 50 38 35 28 31 9 3 28 34 27 38 3 24 41 24 36 53 
21 7 20 6 20 29 26 22 17 10 35 14 31 11 22 19 22 6 8 21 27 8 35 25 26 10 20 8 18 12 36 35 11 1 14 15 10 26 28 30 5 16 23 28 20 4 18 19 17 25 23 19 31 27 26 17 8 30 26 22 20 20 7 23 23 8 17 10 15 26 4 16 2 11 28 
2 25 38 14 24 36 23 4 34 28 54 16 43 26 15 38 41 13 20 23 40 20 41 9 37 14 6 11 19 23 54 53 23 18 25 11 13 35 9 45 22 30 26 46 39 21 12 28 17 40 42 38 32 8 40 21 23 41 45 32 30 25 25 10 4 22 29 21 32 7 18 35 18 29 47 
41 22 19 28 24 45 47 43 25 11 24 26 42 12 45 14 11 26 19 42 37 28 50 47 39 26 38 30 39 17 29 28 16 23 16 30 27 41 48 36 23 30 42 20 10 23 40 35 39 31 15 18 50 47 9 38 15 43 24 16 35 40 21 45 43 17 32 18 22 46 26 17 24 10 23 
17 24 35 18 6 45 37 21 34 19 48 2 48 16 30 33 34 12 10 34 44 24 51 27 43 6 13 17 30 10 51 49 11 17 11 5 6 43 23 47 22 33 37 41 31 21 26 35 28 42 36 34 44 22 25 31 14 47 42 16 37 35 24 26 19 12 34 10 31 20 20 31 19 21 43 
41 25 28 29 51 2 18 39 21 38 41 45 9 40 26 33 38 35 40 16 11 23 4 36 7 41 44 31 19 43 36 35 42 30 45 43 40 4 45 17 26 16 12 35 37 27 27 12 21 18 35 29 11 45 53 17 38 6 29 53 11 13 26 33 42 39 14 41 24 45 27 29 29 37 33 
6 26 40 16 29 34 19 2 35 32 56 21 42 30 11 41 44 17 24 20 39 21 38 4 36 19 11 13 17 28 56 55 28 20 29 16 18 33 8 45 24 30 24 49 41 23 9 27 15 40 45 40 29 8 44 19 27 39 46 37 30 23 27 5 6 26 29 26 34 8 20 37 21 33 49 
34 20 27 22 45 4 12 32 19 33 41 38 14 35 19 31 35 28 34 9 13 17 10 29 8 34 37 24 12 38 37 36 36 24 39 36 34 4 38 20 21 13 5 34 34 22 20 7 14 18 34 27 8 38 49 10 33 11 29 48 7 6 21 26 35 34 10 36 21 38 21 27 23 33 33 
13 24 38 15 33 27 12 9 31 32 54 26 36 32 3 39 43 19 26 13 34 18 32 6 30 22 17 13 11 30 53 52 30 20 32 21 21 27 15 40 22 26 17 46 41 21 4 22 9 36 43 37 22 15 46 14 28 33 43 41 24 17 25 2 13 28 24 28 31 15 18 35 20 33 46 
33 11 17 17 38 12 18 32 9 24 32 32 13 26 22 21 25 23 26 13 9 10 18 31 8 28 34 20 14 30 29 28 28 17 31 32 28 8 38 15 13 3 11 25 24 14 21 3 15 11 24 17 18 38 40 11 24 12 20 39 2 10 12 27 34 26 0 28 11 37 14 17 16 24 24 
36 18 22 22 45 5 17 35 14 31 36 38 9 33 23 27 31 28 33 13 8 16 11 32 3 34 39 25 15 37 32 31 35 23 38 37 34 2 41 15 19 9 9 29 30 20 23 5 17 13 29 23 13 41 46 12 31 7 24 46 4 9 19 29 38 32 7 34 17 40 20 23 22 30 28 
26 2 14 9 25 25 25 27 11 11 31 20 26 13 24 15 19 11 13 20 21 6 31 29 21 16 26 12 17 16 31 29 15 5 18 21 16 22 32 24 1 11 20 23 16 2 20 15 17 19 19 14 28 32 27 16 11 26 21 26 16 18 2 26 28 12 13 14 9 31 5 11 4 11 23 
20 20 32 14 36 19 6 17 25 30 49 28 28 31 4 35 39 20 27 5 26 14 24 14 22 25 23 14 3 31 47 46 30 18 33 25 24 19 23 32 19 19 9 41 37 18 5 15 2 29 38 32 14 23 46 6 28 25 37 42 17 9 21 10 20 28 17 29 26 23 16 31 18 31 40 
53 26 13 36 43 39 48 54 20 24 4 42 31 28 50 11 10 37 34 43 27 32 43 56 32 40 52 39 42 34 9 8 32 32 34 45 41 35 59 23 28 27 41 4 12 29 46 33 43 21 8 13 47 59 29 39 29 33 9 36 31 39 25 53 55 32 29 34 19 58 32 15 31 23 6 
9 19 32 9 19 34 24 11 28 21 48 11 39 19 17 32 34 6 13 22 36 15 40 15 34 8 8 6 18 16 48 47 16 11 18 7 6 32 15 40 16 25 25 40 32 14 13 25 16 35 35 31 32 15 33 19 16 38 39 26 27 23 19 14 11 15 25 14 27 14 12 29 12 22 41 
24 12 21 12 15 36 33 26 21 6 34 11 37 4 29 19 20 9 3 29 32 15 42 30 32 9 22 14 25 6 36 35 4 8 7 15 10 33 31 34 11 22 30 27 17 10 24 25 24 28 22 20 38 30 19 24 1 36 27 15 26 27 11 28 26 1 23 4 18 29 11 17 9 7 28 
9 20 33 9 26 30 18 8 28 25 50 18 37 24 10 34 37 11 19 17 33 14 35 10 31 14 12 6 13 23 49 48 22 14 24 14 13 29 14 39 17 24 20 42 35 16 6 22 10 34 38 33 26 14 39 15 21 34 40 33 24 18 21 8 10 20 23 20 27 13 13 30 14 27 42 
5 26 39 16 18 41 29 9 36 26 54 11 47 24 21 38 40 12 17 28 43 23 46 15 41 11 1 13 24 20 55 54 20 18 21 6 10 39 11 48 23 33 31 47 38 22 17 32 22 42 42 38 38 10 36 25 21 45 45 28 34 29 26 16 7 19 32 18 34 9 19 35 19 28 47 
35 25 28 27 14 49 47 39 31 13 35 18 48 11 43 23 22 22 14 43 43 29 55 43 44 20 32 28 40 11 40 38 11 23 9 24 21 46 42 44 25 34 44 30 19 24 39 39 39 38 25 26 52 41 5 39 13 48 33 5 39 42 24 42 37 13 36 13 28 39 26 24 24 13 33 
28 26 32 24 5 49 44 32 34 15 42 11 50 12 38 28 28 18 11 41 45 28 55 37 45 13 24 24 37 7 46 45 8 21 6 16 15 46 34 47 24 35 42 36 25 23 34 38 35 41 31 31 50 33 14 36 12 49 38 5 39 40 25 36 30 11 37 9 31 32 24 28 22 16 38 
27 16 26 15 39 12 9 25 18 28 42 31 20 30 13 29 34 21 27 4 17 11 17 22 13 27 29 16 5 32 39 38 30 18 33 29 26 11 31 24 16 12 3 34 32 16 13 6 7 21 32 26 11 31 44 2 27 17 30 42 8 1 17 19 28 28 9 29 19 30 15 25 16 29 33 
37 31 34 32 13 55 52 41 38 19 41 20 55 16 47 30 28 26 19 48 50 35 61 46 51 22 33 32 45 14 46 45 15 28 13 25 23 52 43 51 30 41 50 37 26 30 42 45 43 45 31 33 58 42 9 44 19 55 40 4 46 47 30 45 39 18 42 17 35 41 31 31 29 20 39 
35 8 8 18 35 20 26 35 1 17 24 30 17 20 28 12 17 21 22 21 12 12 25 35 14 26 35 21 20 25 23 22 24 15 26 31 26 17 41 14 10 5 19 17 16 12 26 11 21 9 15 9 26 40 32 17 19 18 13 33 11 18 8 32 37 21 8 24 2 40 14 8 14 17 16 
47 23 13 32 34 41 47 49 21 17 12 35 35 20 47 9 4 32 27 42 31 29 46 52 34 33 46 35 40 26 18 17 25 27 26 38 34 38 54 28 25 27 41 9 6 26 43 33 41 24 6 12 48 53 20 38 23 37 14 27 32 39 22 49 50 25 30 26 19 52 28 13 27 16 12 
24 6 18 8 30 19 18 24 12 18 35 23 22 19 18 20 24 13 18 13 18 1 25 24 17 19 26 11 11 22 33 32 20 8 23 22 19 17 30 23 5 8 14 27 22 6 15 9 11 18 24 18 22 30 34 9 17 21 24 32 10 11 7 21 26 18 8 20 12 29 5 16 7 18 27 
23 18 26 16 9 41 36 26 27 10 38 8 42 6 31 23 24 10 3 33 38 20 47 31 38 8 20 16 29 1 41 40 1 13 2 12 9 38 30 40 16 27 34 32 21 15 27 30 28 34 26 25 42 29 17 28 5 42 33 11 32 32 17 30 25 3 29 1 24 28 16 22 14 11 33 
45 30 33 33 56 7 21 43 26 43 45 50 12 45 29 38 43 40 45 19 16 28 1 39 12 45 48 35 23 49 39 39 47 35 50 48 45 10 48 21 31 21 16 39 42 32 31 17 25 22 40 34 12 48 59 21 43 9 34 58 16 17 31 35 46 44 19 46 29 48 32 34 34 43 37 
16 11 25 2 21 28 22 17 21 16 41 14 33 16 17 25 28 4 11 18 29 8 34 19 27 10 16 2 14 15 41 40 14 5 17 12 9 26 22 33 8 18 20 33 26 7 12 19 13 28 29 24 28 21 31 14 12 31 31 26 20 18 12 17 18 12 18 13 19 21 5 22 5 17 33 
r_i 75
8000 8000 7000 10000 12000 8000 12000 9000 6000 12000 12000 10000 7000 7000 13000 11000 6000 12000 8000 7000 7000 9000 9000 11000 12000 5000 13000 6000 8000 6000 9000 10000 7000 13000 10000 6000 10000 5000 10000 6000 13000 7000 10000 7000 6000 12000 13000 5000 8000 9000 11000 12000 5000 5000 13000 8000 9000 11000 6000 10000 11000 7000 11000 8000 12000 9000 9000 5000 7000 6000 10000 11000 6000 8000 5000 
s_j 36
21000 17000 25000 23000 17000 19000 23000 15000 17000 25000 23000 15000 17000 16000 21000 25000 20000 16000 15000 23000 18000 16000 15000 19000 24000 21000 15000 23000 18000 16000 22000 19000 17000 17000 25000 19000 
c 0.01
k 12
alfa_j 36
3300 500 4500 1600 2300 2200 3000 500 1800 1500 600 2000 2900 900 3300 1000 1500 2900 2300 2000 4200 2100 1300 600 4500 1000 1900 2000 1400 4100 4600 4200 2700 700 4400 4300 
h 13
x y 69 8
